65
-86.51846,-126.9306,-125.09723
-113.97696,-157.17426,-14.319954
-125.18286,-161.4313,78.22922
-155.90529,-134.87546,159.25618
-97.50397,-18.729437,-91.192444
-96.828735,-35.349358,-22.536621
-159.31015,5.3789754,78.75926
-123.171906,-23.375046,154.8419
-112.91919,53.382507,-102.921265
-74.02246,25.013508,-3.1224713
-154.91412,-2.8988163,6.3875594
-89.4805,32.889008,148.29295
-84.78511,154.34917,-147.8683
-80.36557,143.54257,-5.931845
-92.91141,127.49423,78.438736
-123.43266,78.808044,75.8432
-30.259691,-107.58191,-163.08429
-25.98301,-146.25543,-26.174103
-6.211851,-152.39359,1.8060533
-9.516657,-97.58258,99.09308
-9.606131,-2.54035,-143.94745
-11.403366,-42.287506,-14.454895
-22.946358,-26.131462,34.993843
-6.1980424,-85.32222,148.92828
-30.999317,63.628204,-103.90849
-18.873734,17.541695,-43.730095
-33.042725,22.759699,40.734367
-19.028032,73.70755,135.66159
-55.373108,142.05511,-132.81445
-61.349297,83.33357,-15.920472
-14.226311,155.72974,38.193825
-67.50116,78.43849,106.061935
6.2210445,-138.88403,-99.770065
67.753296,-165.69882,-38.786407
84.549255,-151.66843,44.686615
11.100964,-123.23648,87.61589
38.213303,-40.633995,-150.77008
36.785103,-63.297432,-30.624327
32.188858,-7.626068,47.93257
49.26882,3.9087853,152.33261
19.652023,82.25218,-102.50749
80.11113,15.947144,-48.464966
-2.6553593,55.992363,30.010479
40.53678,-3.0707202,156.91736
74.477066,101.52518,-143.53976
76.210075,89.991135,-27.207092
62.87085,104.61496,34.92102
5.677637,113.072205,130.6879
122.00604,-99.250305,-133.70679
94.860245,-92.527466,-24.46041
141.32455,-114.377396,8.501694
75.181305,-76.158005,136.64653
120.03229,-39.076645,-134.3778
155.82808,-8.668287,-67.1279
90.35297,-73.01898,62.568153
111.59329,-9.260452,161.17798
125.276215,31.95916,-151.48883
106.6575,83.97641,-58.758568
74.5173,42.108345,32.674576
117.97255,1.0202177,124.55501
75.27852,110.24533,31.186901
87.64011,94.33978,-153.67386
131.20099,84.77458,1.6367822
132.80203,91.85539,71.443695
136.70322,91.86838,138.0965
